// Activation Data File - 64 activation values
// Format: 7-bit binary values
// Activation values for systolic array processing
0101010
1010101
0110011
1001100
0111111
1000000
0101101
1010010
0011001
1100110
0100110
1011001
0101010
1010101
0110011
1001100
0111111
1000000
0101101
1010010
0011001
1100110
0100110
1011001
0101010
1010101
0110011
1001100
0111111
1000000
0101101
1010010
0011001
1100110
0100110
1011001
0101010
1010101
0110011
1001100
0111111
1000000
0101101
1010010
0011001
1100110
0100110
1011001
0101010
1010101
0110011
1001100
0111111
1000000
0101101
1010010
0011001
1100110
0100110
1011001
0101010
1010101
0110011
1001100